( 9 1 1 1 0 9 8 9 9 )
( 5 1 2 1 0 9 9 3 9 )
( 0 2 3 1 1 0 1 1 8 )
( 6 9 8 8 1 4 6 0 0 )
( 3 7 0 9 8 8 0 3 5 )
( 0 0 5 1 1 1 2 3 4 )
( 5 5 1 0 1 1 7 5 0 )
( 7 6 6 2 0 1 1 1 9 )
( 2 1 1 1 0 1 2 1 4 )

Across:
([9,1,1,1],12,9)
([9,8,9,9],35,5832)
([5,1,2,1],9,10)
([9,9,3,9],30,2187)
([2,3,1,1],7,6)
([1,1,8],10,8)
([6,9,8,8,1,4,6],42,82944)
([3,7],10,21)
([9,8,8],25,576)
([3,5],8,15)
([5,1,1,1,2,3,4],17,120)
([5,5,1],11,25)
([1,1,7,5],14,35)
([7,6,6,2],21,504)
([1,1,1,9],12,9)
([2,1,1,1],5,2)
([1,2,1,4],8,8)

Down:
([9,5],14,45)
([1,1,2,9,7],20,126)
([1,2,3,8],14,48)
([1,1,1,8,9,1],21,72)
([9,9],18,81)
([8,9,1,6],24,432)
([9,3,1],13,27)
([9,9,8],26,648)
([1,1,8,1,1],12,8)
([6,3],9,18)
([4,8,1,1,1,1],16,32)
([3,3,5,1,1],13,45)
([5,4],9,20)
([5,1,6,1],13,30)
([2,7,1,2],12,28)
([5,7,2],14,70)
([5,6,1],12,30)
([2,1],3,2)
([9,4],13,36)

Answer: 276
